#   Rx#      X(m)           Y(m)           Z(m)     Distance(m)    Power(dBm)  Phase(Deg.)
     1  0.5771054E+02 -0.3949193E-01       1.480       0.00        -23.77        162.61
     2  0.5671054E+02 -0.3949193E-01       1.480       1.00        -34.60       -132.19
     3  0.5571054E+02 -0.3949193E-01       1.480       2.00        -31.06         44.57
     4  0.5471054E+02 -0.3949193E-01       1.480       3.00        -30.27        164.82
     5  0.5371054E+02 -0.3949193E-01       1.480       4.00        -27.40       -164.49
     6  0.5271054E+02 -0.3949193E-01       1.480       5.00        -41.45        137.71
     7  0.5171054E+02 -0.3949193E-01       1.480       6.00        -42.75        -49.57
     8  0.5071054E+02 -0.3949193E-01       1.480       7.00        -32.27        164.95
     9  0.4971054E+02 -0.3949193E-01       1.480       8.00        -28.59         17.31
    10  0.4871054E+02 -0.3949193E-01       1.480       9.00        -35.88        159.39
    11  0.4771054E+02 -0.3949193E-01       1.480      10.00        -33.17        -60.00
    12  0.4671054E+02 -0.3949193E-01       1.480      11.00        -36.95        138.10
    13  0.4571054E+02 -0.3949193E-01       1.480      12.00        -34.40       -156.29
    14  0.4471054E+02 -0.3949193E-01       1.480      13.00        -31.85        -15.00
    15  0.4371054E+02 -0.3949193E-01       1.480      14.00        -31.37        178.82
    16  0.4271054E+02 -0.3949193E-01       1.480      15.00        -35.46         -7.40
    17  0.4171054E+02 -0.3949193E-01       1.480      16.00        -35.49        101.97
    18  0.4071054E+02 -0.3949193E-01       1.480      17.00        -35.53       -130.73
    19  0.3971054E+02 -0.3949193E-01       1.480      18.00        -43.16         41.06
    20  0.3871054E+02 -0.3949193E-01       1.480      19.00        -40.71        124.24
    21  0.3771054E+02 -0.3949193E-01       1.480      20.00        -38.26       -100.47
    22  0.3671054E+02 -0.3949193E-01       1.480      21.00        -38.54         44.66
    23  0.3571054E+02 -0.3949193E-01       1.480      22.00        -45.77        156.96
    24  0.3471054E+02 -0.3949193E-01       1.480      23.00        -43.27        -94.06
    25  0.3371054E+02 -0.3949193E-01       1.480      24.00        -42.15         36.38
    26  0.3271054E+02 -0.3949193E-01       1.480      25.00        -41.03        134.27
    27  0.3171054E+02 -0.3949193E-01       1.480      26.00        -38.33        -90.36
    28  0.3071054E+02 -0.3949193E-01       1.480      27.00        -38.61         37.62
    29  0.2971054E+02 -0.3949193E-01       1.480      28.00        -37.12        153.29
    30  0.2871054E+02 -0.3949193E-01       1.480      29.00        -35.87        -61.37
    31  0.2771054E+02 -0.3949193E-01       1.480      30.00        -37.56         69.82
    32  0.2671054E+02 -0.3949193E-01       1.480      31.00        -36.70       -173.05
    33  0.2571054E+02 -0.3949193E-01       1.480      32.00        -43.20        -24.89
    34  0.2471054E+02 -0.3949193E-01       1.480      33.00        -41.88         86.38
    35  0.2371054E+02 -0.3949193E-01       1.480      34.00        -46.03       -143.30
    36  0.2271054E+02 -0.3949193E-01       1.480      35.00        -50.08         71.84
    37  0.2171054E+02 -0.3949193E-01       1.480      36.00        -54.12         26.04
    38  0.2071054E+02 -0.3949193E-01       1.480      37.00        -52.80        150.77
    39  0.1971054E+02 -0.3949193E-01       1.480      38.00        -51.49        -71.37
