    Rx#      X(m)           Y(m)           Z(m)     Distance(m)  Path_Loss(dB)
     1  0.1366424E+03 -0.8908294E+02       1.780       0.00         74.67
     2  0.1372024E+03 -0.8907907E+02       1.780       0.56         72.27
     3  0.1377624E+03 -0.8907520E+02       1.780       1.12         72.99
     4  0.1383224E+03 -0.8907133E+02       1.780       1.68         74.02
     5  0.1388824E+03 -0.8906747E+02       1.780       2.24         73.41
     6  0.1394424E+03 -0.8906360E+02       1.780       2.80         70.96
     7  0.1400023E+03 -0.8905973E+02       1.780       3.36         71.04
     8  0.1405623E+03 -0.8905586E+02       1.780       3.92         71.81
     9  0.1411223E+03 -0.8905199E+02       1.780       4.48         69.19
    10  0.1416823E+03 -0.8904813E+02       1.780       5.04         68.47
    11  0.1422423E+03 -0.8904426E+02       1.780       5.60         70.13
    12  0.1428023E+03 -0.8904038E+02       1.780       6.16         69.18
    13  0.1433623E+03 -0.8903651E+02       1.780       6.72         68.24
    14  0.1439222E+03 -0.8903265E+02       1.780       7.28         68.44
    15  0.1444822E+03 -0.8902878E+02       1.780       7.84         68.66
    16  0.1450422E+03 -0.8902491E+02       1.780       8.40         68.87
    17  0.1456022E+03 -0.8902104E+02       1.780       8.96         68.35
    18  0.1461622E+03 -0.8901717E+02       1.780       9.52         67.84
    19  0.1467222E+03 -0.8901331E+02       1.780      10.08         70.51
    20  0.1472822E+03 -0.8900944E+02       1.780      10.64         73.19
    21  0.1478421E+03 -0.8900557E+02       1.780      11.20         72.73
    22  0.1484021E+03 -0.8900170E+02       1.780      11.76         72.26
    23  0.1489621E+03 -0.8899783E+02       1.780      12.32         71.91
    24  0.1495221E+03 -0.8899397E+02       1.780      12.88         75.47
    25  0.1500821E+03 -0.8899010E+02       1.780      13.44         76.94
    26  0.1506421E+03 -0.8898623E+02       1.780      14.00         72.16
    27  0.1512021E+03 -0.8898236E+02       1.780      14.56         74.99
    28  0.1517621E+03 -0.8897849E+02       1.780      15.12         78.15
    29  0.1523221E+03 -0.8897462E+02       1.780      15.68         82.70
    30  0.1528820E+03 -0.8897076E+02       1.780      16.24         87.05
    31  0.1534420E+03 -0.8896689E+02       1.780      16.80         76.31
    32  0.1540020E+03 -0.8896302E+02       1.780      17.36         78.75
    33  0.1545620E+03 -0.8895915E+02       1.780      17.92         75.31
    34  0.1551220E+03 -0.8895528E+02       1.780      18.48         75.64
    35  0.1556820E+03 -0.8895142E+02       1.780      19.04         75.97
    36  0.1562419E+03 -0.8894755E+02       1.780      19.60         75.23
