    Rx#      X(m)           Y(m)           Z(m)     Distance(m)  Path_Loss(dB)
     1  0.1749999E+01  0.8500000E+01       1.780       0.00         81.03
     2  0.2499981E+01  0.8505180E+01       1.780       0.75         79.22
     3  0.3249963E+01  0.8510361E+01       1.780       1.50         77.35
     4  0.3999945E+01  0.8515542E+01       1.780       2.25         75.32
     5  0.4749927E+01  0.8520722E+01       1.780       3.00         76.32
     6  0.5499909E+01  0.8525904E+01       1.780       3.75         71.62
     7  0.6249891E+01  0.8531084E+01       1.780       4.50         71.86
     8  0.6999873E+01  0.8536265E+01       1.780       5.25         72.10
     9  0.7749855E+01  0.8541446E+01       1.780       6.00         74.83
    10  0.8499837E+01  0.8546626E+01       1.780       6.75         73.31
    11  0.9249819E+01  0.8551807E+01       1.780       7.50         76.54
    12  0.9999801E+01  0.8556988E+01       1.780       8.25         71.26
    13  0.1074978E+02  0.8562169E+01       1.780       9.00         76.03
    14  0.1149977E+02  0.8567349E+01       1.780       9.75         76.16
    15  0.1224975E+02  0.8572530E+01       1.780      10.50         79.71
    16  0.1299973E+02  0.8577711E+01       1.780      11.25         70.29
    17  0.1374971E+02  0.8582891E+01       1.780      12.00         71.07
    18  0.1449969E+02  0.8588073E+01       1.780      12.75         74.55
    19  0.1524968E+02  0.8593253E+01       1.780      13.50         71.13
    20  0.1599966E+02  0.8598433E+01       1.780      14.25         73.68
    21  0.1674964E+02  0.8603615E+01       1.780      15.00         75.88
    22  0.1749962E+02  0.8608795E+01       1.780      15.75         74.18
    23  0.1824960E+02  0.8613976E+01       1.780      16.50         74.87
    24  0.1899959E+02  0.8619157E+01       1.780      17.25         74.97
    25  0.1974957E+02  0.8624338E+01       1.780      18.00         75.07
    26  0.2049955E+02  0.8629519E+01       1.780      18.75         72.92
    27  0.2124953E+02  0.8634699E+01       1.780      19.50         70.26
