    Rx#      X(m)           Y(m)           Z(m)     Distance(m)  Path_Loss(dB)
     1  0.5500000E+01  0.9000000E+01       1.780       0.00         69.39
     2  0.5999975E+01  0.8995051E+01       1.780       0.50         67.38
     3  0.6499951E+01  0.8990103E+01       1.780       1.00         65.36
     4  0.6999927E+01  0.8985154E+01       1.780       1.50         70.27
     5  0.7499902E+01  0.8980206E+01       1.780       2.00         70.43
     6  0.7999877E+01  0.8975258E+01       1.780       2.50         69.36
     7  0.8499853E+01  0.8970309E+01       1.780       3.00         68.70
     8  0.8999828E+01  0.8965361E+01       1.780       3.50         68.05
     9  0.9499804E+01  0.8960412E+01       1.780       4.00         69.79
    10  0.9999780E+01  0.8955463E+01       1.780       4.50         71.95
    11  0.1049975E+02  0.8950516E+01       1.780       5.00         72.43
    12  0.1099973E+02  0.8945567E+01       1.780       5.50         70.64
    13  0.1149971E+02  0.8940619E+01       1.780       6.00         73.96
    14  0.1199968E+02  0.8935670E+01       1.780       6.50         69.05
    15  0.1249966E+02  0.8930721E+01       1.780       7.00         72.35
    16  0.1299963E+02  0.8925774E+01       1.780       7.50         73.95
    17  0.1349961E+02  0.8920825E+01       1.780       8.00         72.71
    18  0.1399958E+02  0.8915876E+01       1.780       8.50         72.57
    19  0.1449956E+02  0.8910928E+01       1.780       9.00         72.42
    20  0.1499954E+02  0.8905979E+01       1.780       9.50         74.90
    21  0.1549951E+02  0.8901031E+01       1.780      10.00         71.21
    22  0.1599949E+02  0.8896083E+01       1.780      10.50         75.22
    23  0.1649946E+02  0.8891134E+01       1.780      11.00         73.99
    24  0.1699944E+02  0.8886186E+01       1.780      11.50         73.42
    25  0.1749941E+02  0.8881238E+01       1.780      12.00         74.17
    26  0.1799939E+02  0.8876289E+01       1.780      12.50         72.92
    27  0.1849936E+02  0.8871341E+01       1.780      13.00         76.84
    28  0.1899934E+02  0.8866392E+01       1.780      13.50         73.28
    29  0.1949932E+02  0.8861444E+01       1.780      14.00         71.36
    30  0.1999929E+02  0.8856496E+01       1.780      14.50         75.06
    31  0.2049927E+02  0.8851547E+01       1.780      15.00         70.99
    32  0.2099924E+02  0.8846599E+01       1.780      15.50         72.45
    33  0.2149922E+02  0.8841650E+01       1.780      16.00         76.28
    34  0.2199919E+02  0.8836701E+01       1.780      16.50         80.19
    35  0.2249917E+02  0.8831754E+01       1.780      17.00         78.84
    36  0.2299914E+02  0.8826805E+01       1.780      17.50         73.16
    37  0.2349912E+02  0.8821856E+01       1.780      18.00         71.35
    38  0.2399909E+02  0.8816908E+01       1.780      18.50         73.86
    39  0.2449907E+02  0.8811959E+01       1.780      19.00         75.12
    40  0.2499905E+02  0.8807012E+01       1.780      19.50         74.41
    41  0.2549902E+02  0.8802063E+01       1.780      20.00         72.60
    42  0.2599900E+02  0.8797114E+01       1.780      20.50         73.77
    43  0.2649897E+02  0.8792166E+01       1.780      21.00         74.93
    44  0.2699895E+02  0.8787217E+01       1.780      21.50         83.42
    45  0.2749892E+02  0.8782269E+01       1.780      22.00         80.89
    46  0.2799890E+02  0.8777321E+01       1.780      22.50         80.11
    47  0.2849887E+02  0.8772372E+01       1.780      23.00         76.62
    48  0.2899885E+02  0.8767424E+01       1.780      23.50         75.61
    49  0.2949883E+02  0.8762475E+01       1.780      24.00         75.46
