                                                     
    Rx#      X(m)           Y(m)           Z(m)     Distance(m)  Path_Loss(dB)
     1  0.1326452E+03 -0.8179996E+02       2.000       0.00         84.91
     2  0.1331452E+03 -0.8180344E+02       2.000       0.50         78.93
     3  0.1336451E+03 -0.8180692E+02       2.000       1.00         77.83
     4  0.1341451E+03 -0.8181040E+02       2.000       1.50         74.91
     5  0.1346451E+03 -0.8181388E+02       2.000       2.00         82.14
     6  0.1351451E+03 -0.8181736E+02       2.000       2.50         82.82
     7  0.1356451E+03 -0.8182084E+02       2.000       3.00         83.52
     8  0.1361451E+03 -0.8182432E+02       2.000       3.50         84.22
     9  0.1366451E+03 -0.8182780E+02       2.000       4.00         80.27
    10  0.1371451E+03 -0.8183128E+02       2.000       4.50         79.62
    11  0.1376451E+03 -0.8183475E+02       2.000       5.00         79.76
    12  0.1381450E+03 -0.8183824E+02       2.000       5.50         78.17
    13  0.1386450E+03 -0.8184172E+02       2.000       6.00         78.98
    14  0.1391450E+03 -0.8184520E+02       2.000       6.50         79.69
    15  0.1396450E+03 -0.8184868E+02       2.000       7.00         77.41
    16  0.1401450E+03 -0.8185216E+02       2.000       7.50         77.89
    17  0.1406450E+03 -0.8185564E+02       2.000       8.00         79.32
    18  0.1411450E+03 -0.8185912E+02       2.000       8.50         80.52
    19  0.1416450E+03 -0.8186259E+02       2.000       9.00         77.38
    20  0.1421449E+03 -0.8186607E+02       2.000       9.50         76.99
    21  0.1426449E+03 -0.8186955E+02       2.000      10.00         79.69
    22  0.1431449E+03 -0.8187303E+02       2.000      10.50         83.39
    23  0.1436449E+03 -0.8187651E+02       2.000      11.00         74.07
    24  0.1441449E+03 -0.8187999E+02       2.000      11.50         71.05
    25  0.1446449E+03 -0.8188347E+02       2.000      12.00         75.38
    26  0.1451449E+03 -0.8188695E+02       2.000      12.50         82.93
    27  0.1456449E+03 -0.8189043E+02       2.000      13.00         81.33
    28  0.1461448E+03 -0.8189391E+02       2.000      13.50         77.40
    29  0.1466448E+03 -0.8189738E+02       2.000      14.00         77.46
    30  0.1471448E+03 -0.8190086E+02       2.000      14.50         73.20
    31  0.1476448E+03 -0.8190434E+02       2.000      15.00         78.31
    32  0.1481448E+03 -0.8190782E+02       2.000      15.50         82.48
    33  0.1486448E+03 -0.8191130E+02       2.000      16.00         77.51
    34  0.1491448E+03 -0.8191478E+02       2.000      16.50         73.82
    35  0.1496448E+03 -0.8191826E+02       2.000      17.00         80.54
    36  0.1501447E+03 -0.8192174E+02       2.000      17.50         78.86
    37  0.1506447E+03 -0.8192522E+02       2.000      18.00         81.57
    38  0.1511447E+03 -0.8192870E+02       2.000      18.50         79.27
    39  0.1516447E+03 -0.8193217E+02       2.000      19.00         78.46
    40  0.1521447E+03 -0.8193565E+02       2.000      19.50         69.49
    41  0.1526447E+03 -0.8193913E+02       2.000      20.00         70.22
    42  0.1531447E+03 -0.8194261E+02       2.000      20.50         75.25
    43  0.1536447E+03 -0.8194609E+02       2.000      21.00         78.27
    44  0.1541447E+03 -0.8194957E+02       2.000      21.50         79.31
    45  0.1546446E+03 -0.8195305E+02       2.000      22.00         80.33
    46  0.1551446E+03 -0.8195653E+02       2.000      22.50         75.63
    47  0.1556446E+03 -0.8196001E+02       2.000      23.00         73.61
    48  0.1561446E+03 -0.8196349E+02       2.000      23.50         71.58
    49  0.1566446E+03 -0.8196696E+02       2.000      24.00         77.52
