    Rx#      X(m)           Y(m)           Z(m)     Distance(m)  Path_Loss(dB)
     1  0.5500000E+01 -0.2824705E-06       2.000       0.00         74.38
     2  0.6999927E+01 -0.1484551E-01       2.000       1.50         72.51
     3  0.8499853E+01 -0.2969075E-01       2.000       3.00         68.82
     4  0.9999780E+01 -0.4453598E-01       2.000       4.50         76.16
     5  0.1149971E+02 -0.5938121E-01       2.000       6.00         75.89
     6  0.1299963E+02 -0.7422645E-01       2.000       7.50         76.13
     7  0.1449956E+02 -0.8907168E-01       2.000       9.00         75.45
     8  0.1599949E+02 -0.1039169E+00       2.000      10.50         74.97
     9  0.1749941E+02 -0.1187621E+00       2.000      12.00         77.68
    10  0.1899934E+02 -0.1336074E+00       2.000      13.50         74.85
    11  0.2049927E+02 -0.1484526E+00       2.000      15.00         79.57
    12  0.2199919E+02 -0.1632978E+00       2.000      16.50         77.50
    13  0.2349912E+02 -0.1781431E+00       2.000      18.00         76.08
    14  0.2499905E+02 -0.1929883E+00       2.000      19.50         76.25
    15  0.2649897E+02 -0.2078335E+00       2.000      21.00         76.73
    16  0.2799890E+02 -0.2226788E+00       2.000      22.50         75.74
    17  0.2949883E+02 -0.2375240E+00       2.000      24.00         78.37
