    Rx#      X(m)           Y(m)           Z(m)     Distance(m)  Path_Loss(dB)
     1  0.1366424E+03 -0.8908294E+02       1.780       0.00         68.90
     2  0.1372024E+03 -0.8907907E+02       1.780       0.56         75.09
     3  0.1377624E+03 -0.8907520E+02       1.780       1.12         75.70
     4  0.1383224E+03 -0.8907133E+02       1.780       1.68         75.44
     5  0.1388824E+03 -0.8906747E+02       1.780       2.24         74.73
     6  0.1394424E+03 -0.8906360E+02       1.780       2.80         73.93
     7  0.1400023E+03 -0.8905973E+02       1.780       3.36         73.13
     8  0.1405623E+03 -0.8905586E+02       1.780       3.92         70.06
     9  0.1411223E+03 -0.8905199E+02       1.780       4.48         69.85
    10  0.1416823E+03 -0.8904813E+02       1.780       5.04         70.68
    11  0.1422423E+03 -0.8904426E+02       1.780       5.60         74.76
    12  0.1428023E+03 -0.8904038E+02       1.780       6.16         74.65
    13  0.1433623E+03 -0.8903651E+02       1.780       6.72         74.72
    14  0.1439222E+03 -0.8903265E+02       1.780       7.28         75.08
    15  0.1444822E+03 -0.8902878E+02       1.780       7.84         75.52
    16  0.1450422E+03 -0.8902491E+02       1.780       8.40         74.75
    17  0.1456022E+03 -0.8902104E+02       1.780       8.96         72.16
    18  0.1461622E+03 -0.8901717E+02       1.780       9.52         69.58
    19  0.1467222E+03 -0.8901331E+02       1.780      10.08         76.24
    20  0.1472822E+03 -0.8900944E+02       1.780      10.64         74.84
    21  0.1478421E+03 -0.8900557E+02       1.780      11.20         80.79
    22  0.1484021E+03 -0.8900170E+02       1.780      11.76         79.37
    23  0.1489621E+03 -0.8899783E+02       1.780      12.32         82.74
    24  0.1495221E+03 -0.8899397E+02       1.780      12.88         86.12
    25  0.1500821E+03 -0.8899010E+02       1.780      13.44         75.16
    26  0.1506421E+03 -0.8898623E+02       1.780      14.00         76.26
    27  0.1512021E+03 -0.8898236E+02       1.780      14.56         74.87
    28  0.1517621E+03 -0.8897849E+02       1.780      15.12         75.38
    29  0.1523221E+03 -0.8897462E+02       1.780      15.68         72.84
    30  0.1528820E+03 -0.8897076E+02       1.780      16.24         70.29
    31  0.1534420E+03 -0.8896689E+02       1.780      16.80         70.72
    32  0.1540020E+03 -0.8896302E+02       1.780      17.36         71.14
    33  0.1545620E+03 -0.8895915E+02       1.780      17.92         74.38
    34  0.1551220E+03 -0.8895528E+02       1.780      18.48         77.62
    35  0.1556820E+03 -0.8895142E+02       1.780      19.04         78.45
    36  0.1562419E+03 -0.8894755E+02       1.780      19.60         77.07
