        Rx      X(m)           Y(m)            Z(m)     Distance(m)  Path_Loss(dB)
         1  0.1326452E+03 -0.8879996E+02       2.000       0.00         65.54
         2  0.1331452E+03 -0.8880344E+02       2.000       0.50         65.62
         3  0.1336451E+03 -0.8880692E+02       2.000       1.00         67.16
         4  0.1341451E+03 -0.8881040E+02       2.000       1.50         68.69
         5  0.1346451E+03 -0.8881388E+02       2.000       2.00         67.76
         6  0.1351451E+03 -0.8881736E+02       2.000       2.50         67.49
         7  0.1356451E+03 -0.8882084E+02       2.000       3.00         67.13
         8  0.1361451E+03 -0.8882432E+02       2.000       3.50         66.77
         9  0.1366451E+03 -0.8882780E+02       2.000       4.00         68.86
        10  0.1371451E+03 -0.8883128E+02       2.000       4.50         69.27
        11  0.1376451E+03 -0.8883476E+02       2.000       5.00         69.68
        12  0.1381450E+03 -0.8883824E+02       2.000       5.50         61.09
        13  0.1386450E+03 -0.8884172E+02       2.000       6.00         64.69
        14  0.1391450E+03 -0.8884520E+02       2.000       6.50         63.88
        15  0.1396450E+03 -0.8884868E+02       2.000       7.00         63.07
        16  0.1401450E+03 -0.8885216E+02       2.000       7.50         59.25
        17  0.1406450E+03 -0.8885564E+02       2.000       8.00         60.52
        18  0.1411450E+03 -0.8885912E+02       2.000       8.50         67.79
        19  0.1416450E+03 -0.8886259E+02       2.000       9.00         69.63
        20  0.1421449E+03 -0.8886607E+02       2.000       9.50         63.32
        21  0.1426449E+03 -0.8886955E+02       2.000      10.00         67.21
        22  0.1431449E+03 -0.8887303E+02       2.000      10.50         66.10
        23  0.1436449E+03 -0.8887651E+02       2.000      11.00         64.98
        24  0.1441449E+03 -0.8887999E+02       2.000      11.50         65.32
        25  0.1446449E+03 -0.8888347E+02       2.000      12.00         71.67
        26  0.1451449E+03 -0.8888695E+02       2.000      12.50         67.14
        27  0.1456449E+03 -0.8889043E+02       2.000      13.00         66.81
        28  0.1461448E+03 -0.8889391E+02       2.000      13.50         67.72
        29  0.1466448E+03 -0.8889738E+02       2.000      14.00         66.68
        30  0.1471448E+03 -0.8890086E+02       2.000      14.50         65.64
        31  0.1476448E+03 -0.8890434E+02       2.000      15.00         60.99
        32  0.1481448E+03 -0.8890782E+02       2.000      15.50         67.52
        33  0.1486448E+03 -0.8891130E+02       2.000      16.00         65.35
        34  0.1491448E+03 -0.8891478E+02       2.000      16.50         64.00
        35  0.1496448E+03 -0.8891826E+02       2.000      17.00         67.84
        36  0.1501447E+03 -0.8892174E+02       2.000      17.50         66.56
        37  0.1506447E+03 -0.8892522E+02       2.000      18.00         61.98
        38  0.1511447E+03 -0.8892870E+02       2.000      18.50         62.48
        39  0.1516447E+03 -0.8893217E+02       2.000      19.00         62.85
        40  0.1521447E+03 -0.8893565E+02       2.000      19.50         63.21
        41  0.1526447E+03 -0.8893913E+02       2.000      20.00         61.31
        42  0.1531447E+03 -0.8894261E+02       2.000      20.50         63.83
        43  0.1536447E+03 -0.8894609E+02       2.000      21.00         66.36
        44  0.1541447E+03 -0.8894957E+02       2.000      21.50         62.59
        45  0.1546446E+03 -0.8895305E+02       2.000      22.00         62.09
        46  0.1551446E+03 -0.8895653E+02       2.000      22.50         63.54
        47  0.1556446E+03 -0.8896001E+02       2.000      23.00         64.78
        48  0.1561446E+03 -0.8896349E+02       2.000      23.50         68.58
        49  0.1566446E+03 -0.8896696E+02       2.000      24.00         65.13
